x
11881
8098
3054
8299
10296
187
12013
7685
11749
6912
535
7175
5527
6448
2356
10688
11628
269
1530
6143
48
11727
3143
3512
10040
12308
7689
5037
9944
11728
2229
7497
9248
3659
3210
10874
137
2240
11168
472
11945
5134
11909
10425
8340
4321
3920
6302
7303
5698
10899
7684
11998
1267
4334
6963
5832
7854
2140
5808
9189
2442
3369
4228
11659
10312
11971
8309
5857
2924
6096
652
5391
3607
8224
9015
4922
3881
5749
9184
11019
4092
9974
9570
9799
6822
7835
3936
2457
64
10443
2804
7934
151
7815
1832
6925
6834
2821
7435
4535
5491
721
11443
7403
8200
1685
10617
4793
12076
10595
10800
7661
7393
9230
2759
6656
480
3686
1857
5235
1263
3023
7537
5234
5728
3474
11434
3165
4869
2161
4574
5392
2686
11409
5556
4391
9819
644
1812
6126
11851
14
7917
10351
4589
4120
661
11039
8105
1312
10415
11360
6066
3142
745
10698
11504
6473
9204
2526
8273
8121
10689
8675
9579
10307
1275
2074
11006
11689
10081
3417
10195
5319
9013
7207
7597
1960
10573
9272
12176
10488
9007
6012
450
10131
9750
3038
5511
620
8228
10768
11126
5172
10983
9784
10556
4988
7503
10789
8495
3262
8364
9080
1654
2217
938
9214
3699
6725
2131
6781
1967
8668
11875
5187
4332
6460
10892
1303
2415
3162
7121
2574
5293
11102
5096
8560
7953
8682
5426
9924
5295
5181
1801
638
4055
12040
9534
2270
11580
11418
11573
10942
3396
5197
9365
4188
9866
8534
1133
4047
11127
11760
7169
3293
3800
9695
6593
8887
5351
1575
7727
5880
909
1425
6528
10450
5727
2225
7357
173
4152
4760
6692
1216
11779
7061
10481
8012
11112
12083
7606
4169
9420
5811
5793
7068
6099
482
6364
6701
5169
4696
1506
4349
10848
4021
3643
5229
4213
12128
8818
8462
11165
1176
9373
28
12016
1409
2989
6414
11611
4795
6033
4524
4711
8712
8093
4133
9769
3596
5390
8841
3292
10176
2908
4254
6624
4380
6189
10333
305
4058
2583
5345
3566
6819
8300
10929
2685
6664
169
4475
6247
4483
9208
4648
2856
384
767
1217
11399
5746
5162
1276
6011
4502
546
12102
12046
11751
6466
6770
7069
5937
1328
1761
11850
4992
12122
2173
2680
9847
9379
5735
3879
1991
11406
986
8922
6809
7233
6639
9123
1814
11923
11216
3139
2416
9403
9062
10744
6375
10665
9345
10016
1456
4939
11657
4903
1329
787
9786
8280
5951
12087
1577
4815
668
5922
265
6518
356
8824
9691
650
6933
9544
1675
5771
7269
10361
8980
1139
1573
10687
9941
11259
12264
10224
1012
2224
5486
545
2354
3300
9381
1598
10325
1582
8431
9475
4897
12119
3740
11873
9303
10962
353
9602
2238
11826
9317
2581
11612
5853
6513
8481
7870
1896
884
12008
1938
8186
11125
2872
4040
11143
1556
9859
4941
5622
10347
4456
5602
9267
2347
1791
1587
3832
6100
3308
8140
4900
10338
4198
5299
9600
10408
4246
5378
9472
443
8033
7847
4389
6172
10023
10276
5730
7572
9519
11462
3320
3728
7040
10363
1408
3730
6219
2394
4583
10642
1851
4863
9243
7551
4519
9649
4599
9772
7065
2945
9002
7840
4015
6463
11488
4029
6489
5944
12301
3448
2023
8108
5435
7374
3266
421
10852
3384
4412
4226
7896
3216
8957
1706
4307
4350
5256
4907
6063
6391
2658
11227
355
10156
11040
7479
6867
11420
3613
9616
5068
1734
1869
8773
1915
879
10925
5260
9716
3157
3031
6083
6580
4598
9937
1576
12002
4563
10287
304
2594
2061
5013
7265
2450
7743
4003
8383
7699
3155
10198
10467
5575
4947
3298
6652
9893
11917
9711
4659
5931
10529
5083
4256
11912
7721
4211
10066
1354
6440
4136
6481
3911
7472
7164
2600
9124
9586
12020
5194
11105
9070
3560
8588
7543
7545
9813
8937
10549
7456
2887
533
9735
7416
2483
5681
299
6928
5089
2294
9846
2077
9723
6298
590
4441
10437
5431
10309
4386
4305
5669
11109
10510
7109
2611
6914
3025
11907
7681
7965
5449
2065
3101
10017
7478
7222
6456
11
9864
8633
8993
4877
11786
4850
10487
6856
8720
8557
501
3709
7273
4454
8477
3134
11047
1616
1089
10177
340
9512
11005
6319
12296
1899
10336
6553
10226
3970
6335
5559
11982
1147
2054
4309
3478
1696
3012
7326
1519
1125
11640
6251
3924
3470
4175
1727
523
10669
10328
2311
8737
8870
6628
11030
3611
9315
5123
3185
821
10516
11847
4345
8047
1020
9279
5010
6816
10705
10239
4896
8915
4017
3746
9117
230
5759
9089
11908
445
6560
9823
869
11473
8540
1624
9354
12328
2754
4390
4165
11104
9742
6708
11809
10684
10900
8661
8283
5858
437
4533
2029
2170
8940
2882
1378
11209
10320
9286
4143
4054
9550
275
6261
8219
12317
1166
11425
11402
8875
1742
10525
1645
12248
5507
3136
2256
5033
11207
11977
2013
5804
6699
11568
3807
11767
5245
6484
3792
12293
1852
2593
11394
9033
10706
4437
11158
11603
5308
10145
11914
2194
5255
4765
11974
11753
2436
1085
493
5933
433
3043
6838
3423
3285
3589
11901
618
9502
3569
922
7500
3374
3183
7219
5768
2453
3067
2835
3467
8204
11708
5860
4181
2434
9950
1421
2033
11726
11880
11662
823
1900
966
10201
7669
2267
3630
6270
4845
11569
4360
11098
217
9587
5098
5049
3806
8552
8522
7910
4276
2937
11681
1633
5002
10915
9525
2898
5353
8952
3174
5304
9282
5226
9485
5026
5985
6088
2379
57
4822
10611
10870
774
11713
5994
1785
2312
9506
5163
579
2467
3078
458
1853
3675
10645
8119
7726
2848
885
7515
4650
3894
8188
4200
4339
1129
5987
4178
11690
345
2694
11318
5545
8101
628
2050
5122
12058
9524
5935
1150
11247
8447
8685
1976
1272
9422
5898
3715
3850
10879
5716
2996
10253
3036
1597
10393
3460
4273
1765
10139
8971
2399
8480
7085
2939
5100
11178
7893
4077
2779
3774
11331
2081
2196
803
577
2304
11645
8913
5955
4790
6169
4891
10373
5059
8569
5303
1428
166
4134
10501
4980
5363
4909
6660
10876
7302
7060
3516
4686
10430
11780
3426
11327
5932
8352
5691
6089
7152
1589
11944
9195
9362
813
11571
11180
1919
8177
5532
10329
4431
10994
413
11765
7562
8561
11010
1223
55
6945
483
10730
3383
929
8943
1028
5916
67
9780
11428
5290
6947
6889
1547
10256
1751
218
11499
3360
407
3843
3877
1565
9654
9870
1132
8414
4044
11589
3945
3100
1241
9975
2657
2843
5896
10821
11808
11707
602
11770
10977
6750
3443
1248
9781
3606
7408
1541
7331
9699
7146
2408
11861
11065
11309
11988
7589
11928
7091
4794
3985
8827
10725
9615
8667
6870
2636
11798
9122
6566
11458
807
9082
8689
4976
7395
214
1339
10731
10264
1489
825
8616
4714
4918
7307
6514
2801
5320
1017
9151
3836
4713
12027
8781
826
4227
10711
8120
1888
11220
2465
1019
8113
11314
1844
10845
476
7554
11311
6076
11889
6744
4843
10027
4078
5814
98
6123
8175
931
8591
3126
8869
9144
2915
9828
1233
1513
4249
8415
10902
6265
9741
2157
11994
10691
6016
6378
2469
4501
10210
5810
2260
11518
5224
5188
5836
1979
2682
7490
559
12028
4680
7229
3930
3131
12247
8403
6953
11187
9207
3175
7813
10348
252
8520
12146
3260
12332
1148
2633
5969
1271
7778
4388
1062
3437
427
12066
10228
3823
5456
11160
2380
5688
513
3247
302
3341
5619
1037
7462
4839
10383
11919
6971
6019
6201
7389
219
116
2994
6852
3995
3099
2035
3973
9817
4664
982
323
5050
8690
841
11267
10009
6590
1088
5886
4601
7542
10126
485
3030
7320
10474
8436
12228
3561
9645
612
822
11422
8986
97
4421
8286
10555
6629
2706
8401
1628
2756
2683
8842
420
6996
1600
6570
8895
8741
1001
9849
9989
1770
5607
1373
11082
11390
11299
980
11926
6296
2587
11263
9163
11967
4516
7712
277
6512
2828
10802
8378
8889
8148
11071
8777
10372
7565
9395
9212
11632
5433
7603
5331
2218
951
918
1335
11020
8609
2980
3966
3837
11340
7161
7629
7022
3771
8250
10767
544
6578
1880
1790
9470
11736
3455
1682
2025
8133
8271
4854
3697
5212
4394
6037
6994
7078
926
6284
7851
5723
6601
1308
7567
3929
7529
368
2123
5516
6902
12329
2803
11366
1253
8111
9981
936
2452
4619
7561
7628
2144
9533
9834
7961
9809
7649
11018
5770
5586
3575
6796
7237
6358
6622
453
8558
8374
6472
4113
4286
4359
2985
10932
12010
4841
9022
2150
7300
12265
3337
4852
9553
3027
3295
1964
5352
654
5241
1343
8432
5145
2770
2105
5388
4812
5087
2762
836
8472
7438
10945
6015
2920
9988
3076
2454
3055
8804
2931
6194
9567
7962
3095
4373
8450
1236
6149
11739
893
3184
4864
6402
7552
10926
1779
11703
2556
12207
6432
522
1687
8096
1932
6806
5063
8826
6734
1928
9201
1679
88
9734
7894
5214
10189
7187
10797
6934
6427
9041
8362
6202
5678
10587
7240
6833
5703
1341
11508
94
10199
5695
557
8281
7525
5339
8393
4469
6573
3192
3029
6292
6569
7238
9624
6092
10316
7321
5044
3196
6541
3110
2572
9880
4799
5798
5764
3987
11335
7641
12251
5455
12313
5140
3489
370
11965
8115
7494
9688
7228
3678
1109
6239
7168
11811
10548
5485
6234
2656
11865
5992
8258
10699
4520
7877
5914
2120
4225
7876
4629
6799
5102
2271
7638
5407
9118
6748
5358
3912
8289
9641
7967
7610
7517
3376
8658
6531
6327
3407
3559
9344
5425
11761
10958
11001
1168
9
5928
8648
7579
6389
9775
3306
1914
1636
2997
1520
7679
7437
262
6395
7367
5514
9349
10011
1963
3880
6404
12186
11532
11167
3654
7892
4526
3642
8455
4573
1793
9629
10303
4667
3233
1819
8935
9747
7325
2688
6235
11964
2912
11163
11231
3610
8042
9098
10970
9861
6271
581
810
4855
1892
8317
5322
2955
8863
3421
2075
8008
1194
7536
6388
10980
4706
9069
1268
12229
1156
9881
2396
6315
4952
12150
1854
3018
6215
10769
5247
8508
11317
9125
678
8037
4016
9581
719
3393
3705
708
11535
3405
6226
8653
5201
4960
11933
1297
4981
5029
8575
2295
1740
1013
5623
1229
11085
7882
8485
845
9830
9402
5414
5028
11130
9585
2619
11373
4101
6447
4376
2612
3021
8125
10043
2449
10278
6905
5968
10431
7609
8114
995
2660
3884
8046
859
3494
2813
4231
6674
3463
6788
315
4973
288
6930
10721
4097
945
515
2440
10554
5553
11437
6262
294
3328
4324
8293
8130
2455
2116
3432
4128
7142
4857
2614
10824
9088
2151
9926
2929
11284
1507
5492
4983
10650
7617
10326
10468
911
2523
5135
9406
1677
7376
4067
418
9940
1729
4426
3073
9836
6300
1458
2111
3615
2537
10339
11351
7508
8355
11616
232
843
4073
9888
3346
917
10395
8009
3473
6638
3257
7716
424
8900
7296
9744
2502
4644
783
6620
8370
8248
11252
9632
7885
1476
7868
3418
144
11241
8570
7563
2104
9203
5272
11200
5742
2925
4450
12006
2213
3669
5355
5543
6832
655
11089
9162
9253
484
8173
3819
8381
3420
10733
10440
8231
3993
10170
6543
4280
9027
114
8602
5143
11986
3522
102
6802
2734
10091
8828
12320
3623
1178
2093
4739
2158
10280
9020
9515
6074
199
6721
8277
79
8494
11027
3108
10927
2984
142
10079
5092
8775
9146
2886
10154
5048
1446
7469
908
11870
6949
9702
11381
10881
887
7076
8194
2398
10834
7208
5830
8778
648
10217
10057
6621
6165
6890
7066
8150
6958
1439
1238
6221
10015
5769
11600
7741
8486
7521
5109
10912
6745
3545
891
903
9348
10866
11617
7850
7912
11500
11683
6859
6893
11979
18
10388
9343
2136
2335
8360
9326
9647
4173
3434
11743
3240
10532
8596
11898
6899
6144
2842
4999
4212
8035
1650
8707
11960
9314
5073
11807
7234
11563
778
3652
5291
6029
10254
8929
8694
11624
6642
392
7577
1215
7110
5689
9239
1776
9262
7774
11781
3788
2849
5382
11444
1203
12116
3563
2478
3725
8871
6648
6210
867
7627
5070
8802
5642
10099
4333
8470
6829
6458
7230
4745
4551
8695
3573
8752
10133
4400
5375
465
5065
9005
6050
6035
857
11784
11652
10101
1003
324
5287
1047
9364
6004
5281
7216
3141
8656
1353
927
2634
5627
10379
12023
6056
2699
2000
2889
2233
12036
2439
6511
10738
7147
4602
5630
6962
9127
8693
9659
12136
11349
2388
8385
1517
1821
2338
2621
1068
11481
5863
12033
5142
1959
1516
10734
5757
640
10186
4375
10401
11345
5831
11271
3068
3580
8955
4538
4827
2608
2051
10204
7768
2034
5784
5369
9216
6589
6477
8717
8577
8867
1688
9542
11296
8638
1075
5973
7650
8143
2405
5512
5025
4770
9378
10747
6441
107
1512
6030
4370
8420
2650
121
1416
10905
7571
395
8473
4274
369
8375
6396
6831
1459
675
1849
11234
2507
8510
11606
2067
8284
9467
4710
7038
4090
5503
2297
1402
7616
12021
1969
111
10775
913
4155
1167
11737
4269
1334
12098
36
7345
2832
8664
10238
3181
7281
6679
2855
12335
8965
781
5149
8854
11193
1123
2603
2205
703
5004
7275
6132
2165
2313
6158
6698
5972
6632
8019
5367
11877
9814
6320
6043
6793
6685
7413
10045
6961
4741
10252
5739
6162
8886
12342
1219
10193
7471
12152
1689
10872
6418
7487
3401
4757
8981
7252
1999
1635
1192
947
8896
1165
2773
2665
10141
4220
3588
63
54
225
5588
904
6835
2607
6087
6401
24
10756
1394
197
6217
7573
1953
9407
8303
10995
7095
762
9922
12029
2142
1714
8556
4247
6028
3286
10434
4326
3430
10447
4283
5753
1405
6712
10579
6479
7005
4184
1627
9029
10871
2775
7668
5861
2293
3543
10412
1071
9765
9325
1625
2129
11214
2560
4461
3684
6336
11859
8061
3957
245
8814
11441
1722
7761
2
6999
7112
4268
3214
7773
11768
8467
6584
473
12117
5472
1262
5647
923
3225
1667
7483
4833
768
9653
5190
9133
4728
8052
9030
6387
12140
5524
5905
10065
4825
1181
7502
5237
1398
10585
6850
8
5901
1570
9270
3188
1024
6095
6222
1474
1379
2395
9927
4263
11057
4861
13
10219
8040
1699
3712
7397
636
776
2085
9293
4255
10459
9055
9099
3997
122
554
7107
10614
1090
6911
11709
550
5019
625
5423
11054
5467
3913
1099
8315
4658
12211
10917
11866
9392
10803
538
6582
11921
4481
4460
3352
8610
10360
635
2926
2615
5372
8780
12123
2628
10112
3077
8440
2724
808
7866
9494
2488
11836
5306
171
2644
7209
4654
11365
6878
920
2037
5824
4624
4182
1371
5350
5314
11182
447
5404
2551
9967
9842
8624
3128
12127
4783
10200
5447
11834
1247
594
9372
3662
4024
4195
10971
7459
6025
6853
7867
8285
4523
2202
9811
5632
6680
4628
2132
4985
4942
3202
8911
12294
6682
1375
8879
11224
7700
9114
1601
6272
7698
9139
4232
372
10300
4385
6942
6558
9522
7155
10178
10446
3072
4239
3845
6747
7751
11478
9956
901
3317
4162
1923
11232
1760
9309
11963
6294
7288
8788
11304
8722
2542
6957
6023
12298
6552
10414
7718
9320
8972
4413
12182
8084
11980
9431
8825
6615
6836
1538
743
1730
6915
5129
1000
7465
5826
7006
9865
11987
11157
7800
5225
1255
11731
7749
5501
6119
10311
9701
4000
3161
9182
960
11133
10851
10558
9921
62
2760
6437
7635
2684
8823
3230
8580
5178
9635
5666
1260
2943
9476
9316
4444
5047
2790
11038
6411
10113
7125
7386
7409
11814
3160
423
314
2901
10609
10422
2825
3978
6688
12246
2492
7015
11184
7270
2796
8244
10810
10273
3040
5980
3777
8992
1281
3475
10634
6324
10762
6940
1479
516
10392
5900
6824
1902
5294
9651
2248
2564
6508
4553
113
6777
10732
10168
1152
8072
5075
8252
7707
1982
7581
2257
10291
12325
1781
8830
1040
12336
8805
4407
5883
12004
11141
6641
74
6600
11206
402
10128
10816
9832
6426
5558
8836
3927
5677
9194
6080
7547
4749
10344
1950
1829
7938
1809
5533
8855
343
9680
3201
8005
7864
9783
8329
3197
8156
12314
9584
5152
2674
957
12054
1723
426
2060
8220
10765
9457
8416
6323
9839
1591
8006
870
2936
337
7782
7729
2771
8698
7033
11899
6932
9791
7405
6919
2647
11285
8298
7498
2548
5412
772
42
4541
9014
467
10813
735
3737
11332
7873
7925
7360
6206
12214
6532
4532
12034
7969
1468
3465
1754
7128
12075
877
756
6690
8127
431
134
2326
10289
4910
1119
5724
5752
5077
11472
1464
5232
11996
10095
6399
1752
6416
12156
5756
9249
9165
8356
7338
9390
2679
695
3768
11427
978
3934
8239
2865
11316
1006
1170
4076
11995
3947
11663
1748
4006
2781
10673
10990
9958
2484
10323
7735
6606
8811
6200
10823
1966
9592
9771
10763
10508
11411
4754
6252
3896
3949
6361
5653
1514
7725
7693
9611
12218
983
999
4287
7550
3818
5461
11687
4525
5818
5685
396
3056
4950
5439
4703
540
11758
1664
4697
9091
1698
11601
10495
782
4675
3468
2070
104
10620
4935
10404
6183
10486
6214
12005
11984
4497
5596
11922
5907
6975
8765
817
5862
2897
9826
10426
5867
2145
4027
10622
9698
1926
5865
9661
12253
11358
12288
10319
6137
6326
2538
806
8144
5374
7753
11490
7166
6355
364
9829
10783
4511
8085
5419
2401
3619
2854
3852
5104
11328
8761
5076
6705
9116
5637
1632
165
10913
11401
6229
9283
10127
3132
2528
2991
1710
2749
155
9458
706
2078
1475
7231
4397
9793
7347
50
7812
2317
6939
7003
5227
8184
1120
6362
11539
9841
446
5008
6059
10602
4742
3671
8612
2017
8858
1023
5039
9618
7576
9610
9459
381
10010
731
12059
6884
9100
8646
11181
9936
2816
5611
7878
3541
3207
4632
10460
3720
760
328
10365
8837
9505
7431
7823
2198
2876
4087
5839
7225
7101
6731
12178
1939
1365
11350
9812
4640
8489
2588
481
11243
9816
5253
9482
1184
1644
11852
3016
9295
11384
11362
6644
6769
1940
11570
11273
840
11596
7436
10766
1110
5432
7963
984
9646
4916
401
5788
3191
6236
9768
591
1026
6140
10493
9530
8321
10792
9260
11940
10030
1444
10840
1472
3762
6002
12101
6630
3377
9925
1877
2117
989
11932
1548
6539
4782
5236
3416
7335
6880
10661
2128
753
1874
4681
5881
2692
2283
5273
10974
8131
7047
5317
8897
456
5324
7454
6122
11516
2112
1504
7759
8359
2382
6611
11398
8394
2789
4944
7667
3742
12257
2203
3075
7642
2365
507
775
9312
6176
9994
6452
4652
2498
7119
7558
5979
4494
319
5176
8726
5829
6093
358
11842
9952
10475
7093
7658
10366
1188
626
8671
5173
8109
7009
8542
1816
3124
10514
10107
868
9493
341
11436
9913
11237
10185
6848
5610
7796
5015
10928
4453
475
8456
733
11108
10345
11293
9332
1492
6979
9350
11642
10700
5601
8942
4135
6923
2437
7766
1222
11904
11429
12143
4414
109
12270
7274
660
9193
1618
11888
6782
11128
8437
8070
2292
1060
9442
11613
5504
3977
7295
8497
9804
11192
10708
10838
8146
1274
2717
8524
7640
8657
412
2565
2911
8296
2927
6647
11511
6626
569
9174
8292
4676
9225
4591
8460
2566
5890
386
9227
8757
1035
8313
2772
4023
3605
2791
9322
11191
7194
10989
5809
1364
3909
2119
3649
4923
9509
11154
1450
7831
6442
8088
11655
12242
1782
470
8372
8212
9424
10890
3955
1061
4357
182
11282
10519
12256
10350
5526
8584
6980
10055
2584
2343
6792
10589
1694
912
1524
4865
6490
4004
7818
992
3681
3735
6964
10020
2767
1214
10626
4202
2853
3689
5297
1972
10992
8092
3625
10648
742
5354
40
5885
1813
9687
6555
2479
7100
9853
300
375
7982
8448
12274
4961
5518
5195
7492
8347
4248
2626
3044
7213
7474
10541
4715
1301
1073
574
5332
9335
2605
6445
8901
11969
5589
4098
2714
6443
11179
10419
11664
8526
5579
5209
8126
964
442
3533
3645
2276
1284
10978
10005
7879
8062
118
5465
10409
378
11276
8617
6435
12235
317
10542
5946
6297
1716
6285
2009
2769
5127
10668
12073
9541
11671
10636
6696
3020
9287
1186
3084
7958
5156
3632
10583
223
7797
1294
1196
7787
4148
4616
11290
3186
9284
6164
967
9684
336
3525
1455
3544
8391
3622
5718
3821
8069
1108
5699
3312
8024
12063
10413
7926
2569
6515
7673
3944
11853
8044
1374
7293
9795
5554
5957
1124
8043
1614
6279
8421
5038
4127
1289
8270
1443
6470
8274
587
7583
3673
1145
563
4449
3319
9440
950
11295
3660
11934
8705
4819
4996
12085
2491
5148
11315
9700
3456
6523
3121
7570
8515
7584
2799
10442
9426
1117
2606
11283
6764
11446
1185
839
9970
3153
3479
4099
9004
10772
7251
1404
6645
3215
3685
8700
5869
1211
11817
11201
11824
5595
9720
4358
534
5923
4837
8411
1118
5954
4806
12061
4288
2130
10933
6346
10553
5506
727
2518
7946
7833
5990
3535
8406
6678
4089
12037
11525
956
5786
2485
11396
12243
259
1480
3766
6245
11730
4204
2961
8537
4605
7733
1261
6013
1098
4440
8337
2624
9935
11140
2982
4379
4633
9050
9161
3318
4695
5094
1009
210
250
9625
9732
623
9398
4755
9391
9067
7236
6818
6869
11375
6536
11084
10854
6837
339
5663
1660
3209
3627
1066
7646
11882
4872
7391
2954
1359
2090
9547
8237
1307
7348
8533
9399
11890
11790
8987
6910
9903
2011
10438
226
9009
9807
7036
8135
1078
3574
784
4704
8979
9377
4818
10231
2495
11080
12213
10663
3404
9181
4474
8985
5956
4436
6662
11287
1539
2159
9517
1278
4781
10701
4032
5482
10074
9480
5046
6374
11092
4012
11372
8950
1256
4336
8919
7889
7980
216
3532
7564
3965
7510
6487
2200
9778
6312
1212
11863
6152
6855
11832
7859
5912
3145
11072
2575
7678
4279
5326
8925
2059
7842
3176
5531
3491
8090
8089
6
10092
1201
10237
4600
7282
7026
10260
5991
454
7199
5316
10581
4477
7267
8978
10120
1708
5384
89
4172
5967
2226
10520
3851
10859
9463
6561
10566
6068
5834
4163
2616
8216
5346
11367
11186
6879
5052
573
1771
5750
9183
1866
3147
6360
8789
11930
7480
3415
7676
6599
7779
9175
6784
9528
5552
1345
6380
11925
8373
11022
11537
674
10921
10591
10411
10640
11246
975
348
4237
11598
11417
9061
9112
8839
663
11324
11902
5567
6010
5634
991
9264
7442
7626
3984
5583
7113
8751
3164
7441
10018
3635
7334
11061
9554
7012
270
3854
1797
2744
1842
3700
1200
30
6549
9535
3814
7210
12241
3716
3358
5223
4927
702
8353
361
2874
11656
758
6146
8631
4418
1348
10507
10229
5409
8578
6274
9511
3220
12049
979
11269
4886
5761
8263
9837
5762
11333
10073
5336
1913
5106
5949
9891
10652
1265
3602
1115
3618
7789
9627
1413
5474
9551
5781
1486
1676
1815
10903
7308
4906
4490
11578
734
2677
11745
3228
9031
1220
3254
641
4582
2373
9042
1466
6492
1159
3089
9501
9933
2073
746
6305
8996
9006
10837
4874
4095
3530
10001
12237
3344
3824
2247
4062
6363
2651
3351
7447
1595
4167
5056
9648
4656
2570
3969
3743
4990
4685
8493
2327
4966
7880
11700
9643
7277
9576
12105
2361
12154
204
4576
10196
2824
10533
1838
3425
11135
11279
4189
6377
2757
8790
7130
6666
2252
9918
7491
12273
682
4086
11442
9539
10162
3457
1407
9740
10343
6965
5546
5872
4984
11044
4221
890
10294
4105
7272
7377
11674
4867
6917
49
9028
9333
2723
6431
8961
593
10026
11151
3280
11395
7092
3342
11978
4115
12261
2364
4074
9728
7652
771
4835
6808
2940
3791
4607
6655
5593
6646
3347
6737
5774
5664
6922
10759
7247
5670
4424
1700
11306
10304
1736
5819
1372
6410
115
4432
5196
1856
5557
6801
3450
3046
9857
11896
6830
9164
3248
10920
962
3994
5629
1494
11244
11916
12198
3385
5655
5069
3182
5405
4634
5325
7754
3488
11748
2568
5941
7784
6524
1965
4902
7939
8165
10506
6501
8714
3088
12065
7364
10039
3111
11879
11999
8926
9462
2160
11255
327
11479
10911
7948
3379
7954
3629
6276
8968
7887
9652
8136
1197
9596
9053
4883
4261
283
100
7127
6322
10420
5389
2251
2719
6034
603
12250
6616
6136
10103
528
11015
8644
1585
1918
876
397
44
11946
1342
10940
496
1941
6791
12340
9154
8850
6105
4895
9574
408
3052
1588
5330
1943
5758
10051
2397
9559
1107
2953
6551
8702
3170
1388
4763
6138
2243
6718
1648
2993
12025
8168
8662
4811
5982
8798
5659
2306
7253
2563
9086
6258
842
11301
9751
11830
12283
7744
6461
388
8235
9978
11129
1569
72
2681
4311
3115
8225
7106
2577
6198
126
11630
3608
5787
7191
3496
3690
12268
3653
4588
8425
1955
7811
145
8160
7913
643
284
7653
4434
9137
6313
8535
5977
7404
11590
10924
6242
9572
2325
1701
3368
5249
10907
11976
8488
1840
303
220
7241
10173
6658
9172
11533
10111
11225
2885
10938
11334
1081
224
9738
3395
12343
5337
4395
7659
9588
12070
2219
2733
8439
357
9310
718
4123
5347
11530
9953
10741
6303
10470
4570
11235
3834
3003
10102
8589
3273
3301
2351
749
6634
833
10946
8336
6896
9374
4575
5125
11364
6129
1471
7932
1106
9662
7306
11359
11712
2279
10429
2727
866
10985
6353
4842
5938
10935
4409
10153
1586
4785
8960
2676
359
11392
8253
7511
7949
7266
11955
3585
8787
6990
2871
7819
1102
595
6268
5416
8890
2601
6342
3444
7455
2729
6480
2549
8659
8988
8408
5864
1563
8859
4604
8229
2707
9489
78
11733
9233
6650
9746
5962
10624
1293
9433
8500
2715
11802
164
8132
1692
5406
9637
7077
5673
666
6204
8953
1113
6475
9708
12224
11985
11344
3753
11223
11620
6741
2545
10125
10727
4925
2649
12018
1630
5855
11064
7361
5182
5859
11229
553
3017
6193
3259
8079
1906
11594
6182
10632
717
5158
11560
9929
680
11935
5413
3354
1737
2544
2300
10550
3874
8371
7703
9202
9779
10061
12060
961
3321
2712
9665
8975
7824
11517
7955
2541
8074
5124
5327
4951
5011
1286
4250
7808
8982
8806
1509
4164
5400
4190
2177
8551
2148
2039
6372
1436
5502
11457
108
7052
9689
11342
2324
2652
6113
8674
10875
1890
10435
1863
2786
10812
6275
3290
5488
3655
9731
565
1747
6657
6062
213
5215
2069
3212
7506
4459
5754
5167
7148
5551
7011
4001
8496
7975
7950
56
3343
6187
6174
3243
3518
2174
6673
10984
11702
5680
4423
8630
3359
8954
7695
3028
10090
1678
10863
11026
10815
7458
10531
8727
4868
7968
9843
863
3719
321
1562
4245
8970
11363
6197
6195
4041
1279
8948
6812
7631
6700
9963
2497
2191
10032
1179
2336
2444
2741
11029
9987
9537
11862
1381
4849
8792
4956
6349
6533
12069
4443
10527
10458
10577
10284
3232
4371
2778
5656
8221
9469
3304
12196
11032
10790
830
9805
6614
7010
7871
11312
9609
6842
7665
5812
10540
3483
4587
9446
5722
10308
9435
8310
5708
9942
9219
1554
6345
9072
5183
12292
85
10739
11374
1561
5605
2419
7556
10922
3804
4230
9096
5341
6310
5111
10084
7382
11523
12124
5620
9108
10517
11572
2053
1193
5443
1135
9466
10478
9869
2413
2765
9969
6672
3744
4848
9717
10960
3526
5154
11073
3664
3612
4108
11094
4151
4530
266
8571
263
4623
9986
11419
3365
1551
11592
3113
9898
11150
681
4170
8582
11110
1822
4465
380
7220
9454
12216
2533
10776
4035
10954
3694
2589
8256
12304
10019
11484
9507
10367
306
9471
228
8754
4826
1344
4329
3350
6888
5184
11677
8651
7929
10814
11823
2531
1674
4817
400
2914
1285
10831
2745
5719
1218
6526
3519
9419
10174
11254
6334
6761
9951
10364
4643
10473
4353
6735
1055
1391
9297
3123
5825
6627
6444
2127
2223
11997
3070
3554
12210
939
11414
9128
9135
8240
1137
1302
191
12042
11205
12047
129
1361
10613
11069
619
5115
4876
2521
11992
8163
10683
7445
1419
3236
2735
508
6483
1336
6069
9892
10082
5555
4937
4542
3486
855
10598
9755
1732
1470
8849
5274
6774
2083
1823
7608
10575
3813
236
10337
2894
5658
9577
6607
7318
8994
8840
12148
9897
10612
9612
2664
11973
1671
192
9878
2852
3510
6872
3137
2368
9064
9318
3433
10563
10798
7903
1725
1778
3751
7488
9669
4411
9221
1266
10109
11754
7432
7568
4187
9568
5534
2180
5641
231
7349
10492
6385
6079
9404
1958
2278
510
11670
7181
1462
8744
6948
5683
3064
1871
7643
10658
10793
2435
4803
5700
11653
3439
9851
12142
11825
2487
4677
5494
8457
1392
1769
7202
1995
11529
7827
2253
4537
1493
2826
366
1369
6591
10976
1146
8874
5497
9329
248
1290
649
3919
9790
11956
8731
5157
4425
7019
12236
8566
3796
9288
2146
11336
9704
2188
12056
3921
4730
4610
11565
5517
6677
6565
8709
5828
10007
10129
2284
2808
3745
3841
371
11787
4569
754
1515
10160
2018
1227
1795
6287
7869
10736
9767
6826
11353
6064
4487
8205
10593
5477
374
2026
133
10670
9259
7943
4275
3908
10897
3595
170
2404
5348
11033
5692
4025
215
10740
2372
11076
2595
3739
5815
9169
1978
8684
6415
5479
6839
9552
4435
2181
7936
3006
4491
4102
6005
7097
11007
10590
4457
7370
9909
9241
7509
8117
1094
946
11489
11326
2805
8766
4500
1713
8039
9620
9672
10340
2829
10748
2084
8227
6785
692
3780
10104
9101
9427
4890
2823
3577
7783
10197
2830
3760
6423
8167
11623
4026
7645
2580
3102
8354
4567
3723
5217
1440
2486
4159
10423
1010
3507
8517
5667
9670
3485
308
2635
5053
7434
12032
634
6537
6504
6038
4522
11989
11872
1579
8291
6163
6438
9508
2764
5950
1977
10787
11177
5165
11240
5755
3752
9052
4723
4484
9792
5766
5204
5133
804
2020
3288
11357
9056
7053
8453
10830
8395
6909
4007
3059
11886
506
6640
3119
789
7771
11903
11313
11487
5171
3628
10418
7021
5816
11829
7327
9573
1202
9833
2027
6693
7064
5205
2520
10192
8269
611
9920
5535
8660
10150
4323
6635
4312
6078
7034
5161
11013
3787
6815
1377
325
11840
9340
8206
3168
1634
720
2646
744
11468
8718
8799
5340
5989
5785
1058
10864
8056
6681
5164
4625
7407
2100
5088
2010
3367
3658
10225
6706
764
2494
11036
12167
8230
11575
3151
5744
2468
4013
10071
2527
3581
2554
7418
10349
2245
7214
7732
9960
6935
6557
969
7290
7276
5155
4791
7178
6581
10497
6522
1025
10707
1746
4292
1411
6762
3990
8670
3501
2113
10820
3329
8468
4084
9860
1127
6192
4661
3815
7845
1721
8162
9393
6597
1875
8345
5200
6359
9971
3063
1173
4807
10148
11584
4585
9721
8410
1045
2363
11634
6464
940
6505
10302
4603
529
8719
10720
7464
11762
5953
6203
2438
11320
399
3888
11447
9954
9671
8013
2118
4859
9307
1787
7042
7041
10269
5379
12234
2345
7837
9366
347
11550
1237
10693
8916
4846
6145
5095
1773
2957
9660
5117
9081
9063
5147
8606
1250
5660
11081
1230
11096
2653
5240
6714
4778
8786
4550
271
724
6936
1311
9571
3213
10594
1594
1072
1508
7054
9934
3989
10277
1931
10999
4153
8159
168
258
4651
12130
8409
2369
827
498
11515
11361
12339
1091
4262
2840
6687
10713
8174
6397
5740
11856
2918
12170
5453
1804
4829
9821
829
4709
4118
3041
6972
9715
8753
12260
4083
9084
6341
2441
4631
928
12278
11083
23
10955
7173
9630
9914
3499
1910
2057
3784
12281
10615
6281
12090
6102
7810
11591
10680
5128
4590
1603
6314
5137
6704
7254
3066
3310
517
8195
9059
6000
2211
5598
5661
4210
5706
10891
10729
5823
9410
5995
3802
1651
4580
4955
12195
3756
5878
11230
4327
3218
11968
11831
8868
1917
5362
2965
9425
6291
6794
6157
11387
9575
5371
1153
6643
351
3968
3135
3378
80
6331
6709
11735
10735
1786
4482
59
10025
5228
8932
47
4337
3435
7528
6633
11275
5807
4830
12103
6525
7217
3539
152
1397
5139
1306
9510
6946
4422
4774
11245
2461
8568
6863
7401
1491
8241
1623
2421
9000
4673
4915
1731
240
10067
9396
11788
3867
686
4346
2417
7227
138
4832
568
3447
8397
9237
11801
1715
1820
5889
687
7501
2934
7575
761
10745
3529
139
3621
8877
11024
1529
11641
1042
1183
2006
181
5763
6814
12284
11253
10509
9667
1126
1948
1171
3808
8471
227
9444
723
4747
10310
10255
5493
6392
212
1240
8634
8198
5636
6970
5687
7636
549
7505
12280
9887
9235
10432
8279
7701
3205
12185
10006
622
349
1387
10498
2094
2108
1564
8032
4547
2331
11711
7400
7776
2014
2263
9906
430
11771
8962
7765
4065
9210
7467
2032
2091
6160
5643
736
4928
5219
551
7352
9479
4700
1637
1753
11647
5469
9598
5783
4893
2137
2046
4070
2282
9593
8885
7922
10130
1097
9923
10639
9798
1385
8991
4668
9228
1525
9334
4341
536
2850
9450
6811
1422
1305
10212
10490
7825
3972
3449
11732
6577
7232
1251
5745
7722
10491
9236
84
6318
2610
11763
832
1157
1175
11961
1362
10119
4612
1315
2960
6746
3389
8466
8323
11138
525
6847
6115
5800
4564
11766
10000
10592
12011
7647
6488
5910
5487
11116
10048
3258
973
8201
11773
11218
4645
3883
9436
6797
1325
722
10973
2751
7192
2134
6670
7043
954
8199
8763
71
7752
4920
8011
3724
1796
12113
8585
10512
1608
5838
12104
8903
2147
3323
9875
609
3986
3271
11962
5466
7539
6776
10574
11219
5894
1225
5705
1758
39
699
6383
3410
9965
2056
6730
10164
10826
4851
11682
190
11370
5481
3458
10949
709
3951
667
7792
3890
2627
4014
7350
2308
5448
2496
11265
9043
11119
254
8041
4743
3864
1835
11498
3981
8484
9376
10877
1461
9409
690
6405
10484
10202
9964
7612
11502
8516
7283
10166
8574
8363
9192
5585
6805
393
1349
10205
8058
5206
11638
11199
8507
3353
10494
7108
1368
9529
11678
1891
2406
2171
10288
4761
1848
12311
11197
653
3336
10868
11546
5220
4224
8171
3868
2510
10137
6960
3250
9294
1759
3925
9251
8262
10056
5312
6047
5006
3553
10167
6184
10996
405
4627
5424
143
10754
5998
8546
7675
4290
4548
7615
5576
11297
8339
7087
462
4534
1076
5120
10760
8946
8810
4177
7513
11819
3710
3555
389
11957
9196
2907
7439
11936
2672
5283
639
10106
8390
4114
11501
5574
5614
6858
7301
10829
8059
2515
1232
1448
8407
897
3034
3390
1142
7853
6720
2896
4898
4917
7891
7035
6249
589
11087
5981
2110
2376
2777
11860
4085
11308
6571
11820
10825
43
7410
9142
1246
8319
2558
5267
10433
41
9895
12249
440
1988
763
11266
5964
6983
1826
12338
5360
3767
1986
6255
12231
2121
3065
3923
4666
8645
726
10281
12166
6381
12346
10295
2948
1876
1434
4215
3158
8036
6044
9261
7132
8767
4691
9591
1825
4392
9748
6278
7158
8498
3937
4396
10024
8769
2793
10649
11720
5266
11386
3048
9012
1788
9980
919
6875
8346
9401
9999
2393
8034
12126
338
2334
6800
6471
12015
11531
10536
11725
4295
9023
10737
1886
9844
1032
10362
5121
11684
4702
5276
5802
7358
8995
7429
4630
8297
7197
7139
2107
10265
2348
5202
1410
4752
4544
4744
329
11452
5915
11496
10690
12323
10008
5665
2904
7116
61
3860
7994
2149
4458
2620
6907
10244
3916
1971
2517
671
6759
5221
8541
8138
4689
2099
9760
499
8938
769
5538
4060
500
9346
10628
11456
3424
136
3980
10861
7171
7613
9491
12279
10722
31
596
2062
6913
7911
6273
8716
3051
8595
11337
6686
8501
7294
10873
8666
8813
7865
5442
10038
7221
7476
1393
12191
7305
659
11706
9252
777
3918
5597
12212
7740
4042
2323
3394
7072
9862
7289
6676
11041
2944
7180
7611
6736
7633
4579
1399
2045
6773
4009
7997
5845
8796
11752
3503
755
7971
9984
7079
11190
2630
11514
379
921
2525
3905
11646
10457
4758
8161
662
4131
8367
4038
5138
12120
5361
801
2725
11432
10981
10795
3014
4052
2748
7000
10569
2384
1559
289
9697
5301
9749
8179
11407
1898
853
5635
728
4931
3952
9686
4614
8176
3392
1861
6900
4860
5097
247
4057
5843
5193
2870
9495
9917
1022
9337
6476
503
11166
2666
10261
7259
2590
8232
5561
9058
11321
741
8369
558
5568
1666
11101
7742
3620
9603
12045
4986
9863
10588
4068
10155
5386
3150
3793
8014
8762
5387
5270
4945
5146
3235
2490
6109
12082
10953
10037
10806
7332
6592
4989
2303
7875
6995
4862
11099
9215
9682
1101
8357
7310
5877
685
6116
3154
11153
4050
11325
5927
9638
385
11911
242
4019
9352
3372
1077
5921
9048
9959
5192
2214
10306
3900
12131
8238
7218
677
2776
10402
567
2641
12220
7723
8881
3963
91
7415
4466
10353
10584
4472
9683
5675
6295
70
6065
9473
7499
2917
2135
6499
9268
5958
2305
2321
3692
902
2342
2175
5686
7264
3381
2425
3878
11212
935
3087
4561
6576
8330
6637
5373
9465
1510
785
7102
4304
3241
5328
11090
10033
7291
11053
1798
1016
1074
3032
8134
684
9222
5383
3096
5231
11475
873
3904
8261
11792
941
2028
9676
848
10012
3363
5777
9156
9010
52
11649
3648
12129
11556
3899
2768
11009
3349
11949
10220
6661
9363
8621
1772
10774
2052
2185
1805
2330
5254
11524
5499
526
5024
8549
7533
11505
6807
2938
9453
1299
4404
3427
161
10832
8123
10918
11549
2971
5041
8898
1605
3327
10359
11405
10183
6486
4154
101
8430
1750
4259
172
10641
4725
4103
3502
9894
1149
3906
12193
10263
6018
7013
7942
2785
5498
495
9209
6330
474
4260
9266
11021
2357
4978
6897
4734
4979
4873
4892
8760
4804
8807
9900
4442
7820
8301
12079
3538
953
10078
2472
7738
3570
8821
8259
3631
6756
77
4712
1549
11476
1346
1239
3211
7449
2695
10034
1323
6602
2504
8060
9416
5452
8110
10455
11383
864
9441
6653
10671
1884
2227
11636
2458
3042
1069
8004
4780
6173
410
9872
6719
11551
8785
7375
12244
4377
8652
4914
4140
4831
5238
12295
7884
2730
6554
6742
8091
4926
6340
3820
5525
7135
8974
8687
11692
9499
8422
610
3498
4957
7514
229
1935
3297
2860
4943
2460
8302
11183
5285
6168
4193
9521
10850
4160
4608
10664
9788
5796
2819
11915
4615
8573
8064
9945
6244
11248
2232
3514
3324
7111
2947
3706
3998
5175
5993
2138
1401
10778
5298
12086
10817
10463
11669
1327
5179
7838
5776
1039
11520
1177
9291
10482
10321
4277
4683
9011
3971
4510
4088
11469
2265
11742
6485
7268
740
11292
948
6008
7226
9726
6548
3219
342
5009
4729
10672
10564
10014
9339
10943
6051
5064
11528
5211
7145
3146
7764
12026
8784
3438
10543
11821
7534
6684
7919
12262
2190
4536
2869
4767
7280
2021
6067
11288
6090
11341
11404
65
9520
2973
4427
2983
11055
2184
1438
9148
3265
2643
1189
11855
10633
7586
10646
7920
8703
10681
1310
4270
11593
8629
2928
241
3794
11627
5338
1484
3531
6795
9977
2858
5174
2197
3114
2591
3081
9910
694
9874
3835
9185
9710
7772
7657
10923
7947
1911
8936
7246
12341
3938
7858
4264
6702
7204
2732
12181
5795
7983
8797
5712
6903
4186
3269
8026
4982
3289
8368
4308
9825
8215
1695
8452
4731
350
9968
3861
4885
1707
6406
7621
786
6269
4911
7421
10771
11155
7082
5560
10266
2464
2867
3305
11114
11035
1447
2995
10190
10138
1386
17
8272
606
4064
6605
7559
3159
11400
7105
5071
3079
4762
11772
3592
417
5218
8691
1445
9275
5521
1322
12144
5748
6156
1433
7008
1380
1298
11705
4445
2007
10601
9668
4242
531
4987
2586
9423
2987
792
10058
6711
234
5541
11056
10358
5084
9633
4348
4622
834
11567
15
10893
1735
10660
11100
6908
5434
6739
6465
7687
3462
4995
3283
6307
3085
4756
4646
1418
253
9138
2179
6190
2946
156
2008
5970
1808
12106
492
5310
2718
4775
3759
1860
7198
7427
11605
8892
7780
4002
712
7731
274
10317
7945
925
10441
2178
5581
4415
7736
9500
3996
6828
180
12044
4056
9745
179
6579
9173
5130
6159
4488
3962
10334
6544
2433
3733
12189
8601
6752
10029
739
7363
2536
2231
8243
11981
10610
11673
12019
11307
10948
6350
466
2122
4746
2559
9103
11222
99
7957
261
377
1252
11465
11470
5051
10788
7976
5882
7719
4325
5364
10987
5906
7485
6803
3590
8819
2199
6969
5948
6716
5884
8066
5943
10567
3926
4504
10417
8474
10407
6424
3534
1269
9244
8543
5262
6021
3634
2106
9854
7674
7914
9412
12201
8554
11868
4368
1610
1430
8676
5018
1621
547
4894
11131
8956
60
5476
4993
3049
1895
2239
4638
11215
9094
3199
8027
11837
4828
7443
2691
8343
9549
3856
7484
4048
2506
10751
673
9115
3179
8918
10182
8404
1929
3074
5090
3695
10077
7084
12071
4282
4352
3550
11369
11086
2645
2262
123
7239
2703
7316
12197
1198
4789
7369
10599
489
12114
6020
4285
4439
10853
11213
33
10384
7186
2736
10050
7580
11609
9719
3451
11385
11812
11260
415
3683
3330
770
2290
9397
7372
8445
4107
5608
2221
7856
7463
448
10059
10530
333
8663
11281
11618
8333
11379
5208
7422
11433
8963
6821
7324
9487
6968
9394
1283
8137
5544
6783
9705
5891
9158
11972
1389
3103
11107
373
3326
7734
8031
3600
9190
11562
1864
3764
3917
11799
3708
5668
11031
6072
1868
11002
7656
8884
2242
11198
11783
419
3287
8073
598
10108
3229
1741
10188
10580
4559
6502
10222
9074
765
8104
3195
5529
9132
7075
6223
10715
11927
4347
3461
2063
2383
3703
1053
12202
9976
944
959
3445
8458
11954
12299
10750
3010
7235
10578
6220
95
6128
8725
5248
11951
8503
96
5380
10629
3493
8112
6250
6959
2204
7103
6991
5797
583
8236
2042
10410
391
5042
11257
497
10163
8665
8768
8597
2663
2254
6103
332
3676
4609
9873
8015
1
1836
11322
8723
2878
9858
2923
3776
1080
10382
3193
8193
10462
1553
1038
3339
8876
5693
5286
2845
6040
6926
10643
7261
1693
6825
2655
6542
2530
9130
9996
3954
8800
11274
12165
5856
3932
12192
7028
6981
2298
3001
11595
3960
580
4492
8057
6840
11666
9907
2296
3299
1273
6434
2716
7190
3332
1292
4773
1318
38
8708
6166
3334
11453
7790
7117
7799
10505
10004
8388
9995
12064
9856
7720
491
112
9188
12232
335
11924
8721
8572
5840
11459
131
6366
7728
10385
3105
9039
8831
2473
9712
2222
4406
2241
1933
2671
3617
6517
11122
11145
8536
9220
414
8643
8322
4235
943
3122
1951
8443
5873
260
11250
5822
12205
12175
2811
7538
7785
3222
157
3140
331
5342
2966
6982
7996
11124
5792
5112
914
2981
2097
5734
10842
1534
6048
10249
10655
1936
2746
8958
1957
9815
10179
1235
2366
4568
1567
4958
12168
2154
9486
4374
3492
11548
7526
9727
1546
9650
9331
5888
7343
158
3237
4647
6228
7
10884
6017
9794
5767
12053
6954
6114
5031
1807
6564
10191
8713
949
5963
2087
4066
12145
4578
200
468
7071
5736
4665
4879
3011
12159
4216
6191
2163
7032
8998
3769
10332
10513
148
8614
4051
10998
4081
5114
6790
5657
3315
5789
2640
6767
367
2402
2881
750
11839
2879
5103
8949
3441
8770
3680
12200
184
5309
2713
4401
12300
1141
5520
2833
766
11738
9703
6147
4420
6567
8492
6608
10064
12068
651
10262
11286
4655
7710
7930
7688
4322
2273
1321
3946
5729
2977
330
7863
10846
1818
5239
12057
2005
10157
7516
9589
7030
1163
6196
7660
11028
10967
2814
6213
11289
12184
3166
11410
2172
9338
10937
7928
9538
757
8528
7149
10330
1879
2988
2424
11066
4586
3549
8545
12223
8267
2501
1320
452
1904
10934
5961
2553
10083
4146
312
7096
1615
7518
10115
7990
12041
9356
1190
12209
5410
9460
9285
11849
5996
246
10398
9782
9263
9298
8255
11172
1442
2207
279
8704
3071
429
8476
11249
11610
162
4197
11046
3391
51
6898
8010
3388
7315
9432
4871
12111
5091
7918
4229
6754
7590
7901
8328
5451
10849
8622
1717
10716
7412
5633
1083
4071
8531
124
1580
11164
502
4671
7090
10894
9277
1794
9902
10560
5
5216
798
3537
3125
2272
10571
10240
1720
1792
809
4191
10124
2088
12153
5918
1606
439
11346
8607
5782
10979
4970
10770
1257
11343
7200
11438
1221
7769
10697
6986
11480
5055
1304
4814
4721
910
3584
6455
8475
6665
3116
255
9456
12151
5893
4726
478
7691
9150
3749
3811
1984
2309
3892
10355
1207
5207
8053
4030
9557
1867
824
3846
10597
7460
4147
4362
4241
3399
9523
2731
6495
5530
10117
3866
3177
1432
11867
4366
2359
11734
3991
7045
1763
9991
2385
2629
2002
5177
8189
12199
12115
8527
3080
4094
9883
12009
5438
10135
8820
4161
7750
8482
10885
10209
7489
1975
7063
3130
9093
6091
7618
8332
438
2892
3480
8969
10761
163
10147
7601
7177
9536
4507
8678
6240
11701
10394
9240
6886
7055
6141
6041
11277
7297
5975
7594
11431
6211
8619
1054
2189
3109
3976
12286
10424
3261
9257
9868
7747
3282
601
3551
4777
11471
5074
7440
7392
8164
10218
8745
5959
5366
4080
9095
566
11202
3313
4315
6014
12012
3333
7952
518
627
10805
1847
6727
4875
5289
7001
2003
9321
8923
5436
3316
9353
537
8990
1485
6237
6373
8376
8191
10786
2999
6619
3961
12221
125
3999
12089
1673
12217
5587
10841
7883
1503
1572
3107
11494
11278
9049
9060
1093
5612
10180
6877
8883
10257
4921
5233
8124
9168
8861
9330
7937
103
2974
10399
4834
6841
4045
1027
1590
5376
7898
4303
10752
2291
7966
5794
7555
6417
1607
4748
11542
2266
576
11724
7935
9678
9455
11776
9369
8100
2505
2942
10503
3849
814
8907
5445
2576
16
2738
5333
1657
8389
3015
10479
9911
1908
6585
10400
383
2812
10445
1885
8555
6027
12091
12215
12180
10305
11785
7174
10136
9198
2509
6231
451
8639
4438
1067
4367
12163
9180
5773
3469
12133
2471
1545
7748
11063
3194
6060
9604
4243
11813
9886
11004
6167
11744
4331
9756
201
12290
6036
8914
1363
7553
12141
6216
6057
11774
2420
3761
9414
10561
7141
5159
11874
9827
12099
9590
8218
10208
5136
7802
10686
6170
647
6135
276
3887
6130
10804
1355
9504
9008
6854
985
11393
8793
1924
5082
6384
7182
11970
10710
705
9840
3403
3523
235
10856
11211
1531
3839
1668
1850
3666
10236
7419
8434
5925
3082
11262
6347
3356
6654
1647
7977
7154
1839
7846
5615
5934
1420
6583
10214
11619
12275
10346
12266
10523
10586
12233
8169
3956
8776
3940
1086
5180
1775
9578
5820
6529
8928
7470
1619
1414
6924
8888
664
5870
4119
11408
8550
1705
10013
1726
532
8311
4596
1532
1390
5791
1927
298
2407
895
3370
2503
7475
5584
1833
1295
5644
8692
3221
1169
147
11175
5468
4514
3870
8905
4473
5198
10717
3825
6408
4884
12204
9126
2888
1500
4506
9024
8680
2310
10122
6596
7814
7394
10758
4179
11579
6148
9808
2750
10662
106
9724
1789
10818
4698
5450
4104
4792
12164
8835
4801
11303
10267
5564
4063
8525
7895
1429
9186
346
5116
7596
3484
509
3732
4258
4008
1144
9077
2315
9582
3853
2288
8553
3637
2187
244
6675
2797
301
1830
4464
278
5837
6425
1309
1161
6559
9555
2669
4813
9371
9145
7473
6348
5344
10216
4031
11884
6329
9545
5500
5020
3674
11864
8316
6659
10068
6509
12172
344
3847
3206
5926
3647
8816
3366
5191
8977
10031
11667
1921
141
10755
8598
12173
3979
818
6356
3750
3487
6862
7781
8182
10489
1122
8924
11144
9692
4072
11750
11622
3050
2798
9247
9025
831
3387
9831
4788
1653
4821
5625
8083
7157
997
8082
494
4419
5638
5671
8743
5421
8917
5879
6857
2702
794
5385
7406
2709
1063
5904
3402
10904
6563
403
4554
8529
11147
896
8941
10703
4301
5997
7566
3718
11146
9017
9110
5936
2711
11816
7144
9948
1709
6333
8715
3859
53
5032
4196
6849
2215
2831
10390
3508
7986
3022
11280
6357
1134
10175
9413
7425
4387
9018
7183
1337
12252
6026
11123
3062
3982
1228
4291
10391
12171
7083
4716
1396
5999
10271
3400
8097
2524
7284
6817
2360
11113
6478
5604
7979
8779
7156
8129
3582
5649
10086
1036
11538
8899
10651
11815
8002
490
1912
2389
8966
3587
2302
11025
11439
1052
3698
7126
6625
7031
5072
207
11746
3568
8906
416
8306
8208
1209
7829
5942
9152
7593
11042
9040
6861
6757
9943
7314
8257
10496
1206
1656
12326
1566
4479
1154
8152
6413
5278
8904
1043
6973
9955
732
1755
110
12001
5040
12322
7212
3663
6765
9232
6715
6906
7088
3152
6248
11012
3382
9464
2697
3795
2579
4968
9134
11176
10466
189
7805
6371
8154
1415
7114
2648
4724
2573
11895
2476
711
11264
9097
715
7388
3274
9439
5799
9400
846
738
25
6904
5437
457
882
6293
10500
7620
8490
8063
5833
10524
8158
12072
10476
6369
12088
404
1803
11905
1777
4901
10682
6400
2890
9985
698
10439
10258
11795
8989
3790
9546
2446
76
7017
2836
658
2986
3167
4593
5684
1427
3547
2783
613
464
9626
6282
11841
11023
3515
8594
9445
6574
9367
7122
10886
11338
10944
7263
3953
5751
4753
7973
1593
5911
4597
7151
6450
3975
7713
10461
196
5648
8045
689
881
1138
971
8857
10638
10526
3738
4694
11679
9327
4446
7760
5034
3636
5078
5470
4787
2274
5563
11118
3540
10723
7595
2687
6257
2155
7224
4949
8260
6997
8669
8233
2412
1626
6976
10184
1095
8984
3409
9601
11536
11722
1482
12051
11000
5141
6787
8392
4888
12291
630
6733
5329
645
7163
7862
8203
11543
11938
3713
10889
11796
871
8266
2445
4637
12306
3047
3552
8750
9498
1909
9324
175
2567
9305
1116
4717
8183
3495
208
3428
5737
1799
2103
3616
10241
4059
7730
11052
5189
5892
5850
7426
11319
3677
11348
11906
4313
9908
2322
7062
10515
6403
9341
10882
12110
4486
11693
3893
4779
10714
11845
10695
8749
8755
4546
693
8449
3657
9389
1367
8696
130
411
2448
1180
8382
3500
11519
7323
3513
9527
8742
3208
8075
5021
11467
10272
1646
4284
9068
5168
6127
4882
7385
8706
4635
7453
7195
542
2519
5323
6338
9140
3967
6259
2543
8655
8003
2139
7381
11990
5277
479
2281
2815
10110
11389
11686
8608
7046
5573
2339
12158
725
6104
11506
3858
12315
2182
376
1158
4776
3
2216
10052
6121
3120
599
3988
1784
487
1827
3009
8865
11268
6422
7329
10275
6789
9675
4130
7520
5263
5849
10969
5709
2834
10060
3386
905
1922
11079
608
2451
1182
2387
6407
4356
3173
146
3862
9666
556
4470
5268
5016
3279
4485
11869
6351
9947
7519
3992
3593
6726
9046
773
10801
12030
177
1501
3357
9565
1437
10782
7211
2839
11648
154
2166
958
3754
4690
7959
10290
8234
3805
2913
5570
2168
505
11694
10982
1406
11789
697
7086
7549
4149
4528
12039
3842
2264
5288
520
8530
10808
8711
205
4738
7598
688
1670
8565
3148
10100
6751
934
7605
3270
4121
8894
1499
2275
8611
5000
2301
4429
7018
10246
1160
9614
6186
5899
7496
9408
7371
1611
11256
6713
10089
10233
8880
1457
4343
7016
7692
1649
7874
670
195
4805
4416
4199
11721
3726
7248
4351
8435
3640
1370
2340
11835
9694
1925
8102
1989
6985
1330
2426
6301
2480
5057
9176
9564
3472
6352
10369
4768
11621
657
6071
8412
1766
8997
463
2752
6775
4560
7451
7872
8245
11541
10223
7548
4384
916
2320
10251
2201
7080
3865
9129
1048
2910
1845
8242
11804
4508
3037
1973
9417
4053
5743
2019
4342
11016
1130
4180
4252
176
4771
4735
8170
11068
1537
6697
11740
6054
2500
7390
6974
5806
3803
8016
730
4727
850
9774
9561
2043
7179
3897
8921
7998
8048
7304
10511
12240
3380
272
11857
9785
5343
10035
4238
7916
3891
9136
8893
8688
4206
7044
1441
3446
530
2638
3408
2152
4802
8728
11983
849
7614
1571
4699
5085
6860
5540
2055
4584
9606
8446
1231
9434
1817
3497
3562
6763
1497
10627
10909
7420
4344
12297
10118
8927
4531
6738
6950
1985
9351
4618
7396
6786
6931
10847
2631
10807
9199
2817
2269
3242
10397
2972
11710
5887
8746
9496
3914
4319
11558
12100
9368
1887
6429
5296
92
9217
6772
1996
7670
10618
7049
9119
5988
5908
9177
10456
11547
6851
10121
10378
10158
7758
8891
6321
7373
291
11204
5562
614
2391
1417
1064
1846
3521
4670
3178
11675
10570
1697
933
2810
2048
5279
8853
8764
9242
12121
2990
1291
5496
7025
4786
9810
6651
8845
432
6503
9430
2001
2529
3338
5672
12344
6224
4529
4649
7402
6430
5707
9619
10966
8512
5222
9461
5741
9076
6493
562
6106
7362
7398
5913
11368
11097
894
7686
3149
1029
2673
5408
8405
665
9273
3053
6254
2958
3895
11791
7803
3910
11059
5780
8908
6082
9766
2552
221
2126
1810
2072
7644
7989
287
5427
6798
8318
1511
7795
796
7353
2952
2522
4233
6873
2355
8649
6604
11844
11139
4365
10245
7423
11894
3948
2246
5230
4335
9079
11566
6101
10667
616
2625
6722
11756
2477
1581
11714
861
10951
5370
11161
11691
7037
11704
1487
9594
10704
11221
6507
4505
2571
7196
7257
7056
3322
2314
7604
4125
8878
9036
3838
1136
10822
4034
6927
6952
11672
11034
7663
11893
7285
10656
1703
2514
560
9280
2068
4912
12109
7482
8141
10380
10371
4137
5454
7697
10896
8862
6845
3203
1358
5440
8399
4201
7662
3092
11695
7985
10916
10499
3180
7162
1669
11355
3133
2280
10144
1226
10867
2951
6724
5846
7205
3729
9065
2642
2095
5847
6989
1962
5275
7535
6977
313
2423
1686
334
12255
7993
1658
4069
6283
1641
11688
1357
9359
1191
7133
779
12194
8873
8600
9916
3361
4106
1767
11380
10647
8312
10908
3565
9246
2921
10780
10534
7981
9595
5203
9166
656
4043
1244
6007
12097
6703
6304
10844
9733
2906
8620
883
5093
93
8478
11159
1412
9876
4251
11376
11717
9730
8386
11354
7014
11637
11477
5005
952
924
8587
4022
4112
4693
3626
3974
8076
1172
6941
691
6691
6482
4205
4594
676
2675
8308
1270
6649
5717
8627
9973
621
4219
3277
8559
9319
8068
7007
7201
2992
4557
8331
186
2124
1065
6042
3061
987
8294
8504
8479
6556
5919
10036
1859
3875
2414
11169
4496
8654
8724
90
7188
2511
7081
1005
3117
12155
5519
8247
8459
5067
8523
860
8822
11356
10709
5458
10504
561
7495
10827
8249
10791
7694
6749
5397
5313
10919
1599
9256
4317
6500
4499
7906
7844
2698
1903
486
10596
4933
1544
10098
9962
7960
679
1002
4142
3373
11382
7557
11482
7807
9516
11512
12031
10781
7816
6253
444
7448
1622
2164
10298
5377
7984
11162
7834
816
7262
11136
11918
5381
12179
12177
9690
11975
7933
6207
8099
280
9759
3670
6233
9526
710
11270
852
9073
6613
7428
5131
4969
5599
3848
10528
2377
11239
10452
7801
2143
12137
8642
128
7794
9877
9513
600
9673
9147
6289
4963
222
12107
3331
2038
2337
3688
7715
4844
5909
3200
5357
211
5592
4552
11171
4948
9484
1351
5924
9639
2822
2141
3097
12285
7337
3440
2386
10021
541
3505
12277
10396
11497
12305
8350
8931
5368
6993
4503
2319
4266
10685
12254
7832
8615
6299
7383
907
8730
9131
7242
11544
12309
1205
6668
9071
7655
3863
1613
6694
4223
9302
759
3922
11778
6467
4157
8454
10963
7607
2604
8710
6992
10211
8226
8326
10075
9111
6412
10777
9901
6966
4091
2212
8025
8433
4150
8734
290
8959
9718
6951
4977
9642
7793
29
8451
11805
1897
11111
6175
3234
2877
3665
11769
2780
9255
8774
11639
4452
1490
12333
8419
7927
3603
4708
5590
8424
1333
8384
5464
12096
8380
9623
5402
3118
11696
11445
5318
9938
7249
11217
1998
4581
7244
5359
11586
4636
3812
8081
5422
5650
7312
9155
81
11106
8735
5403
6232
4320
3198
9382
10286
10616
6311
4878
5417
9231
10811
11540
6134
10403
8181
6367
10088
7330
4905
1783
9531
10318
11461
2344
441
4904
6046
2428
8139
9443
11576
12324
3571
1945
5515
2909
9904
3263
3556
11953
11676
10069
8491
6820
3781
5582
837
6575
4363
3506
4824
8514
8021
3682
5246
2016
6755
9764
9607
1242
9990
5594
8017
6393
2895
9160
11991
6117
10374
9928
7354
5897
1542
7756
4096
1768
4194
4372
10522
7804
12238
3801
6179
802
2975
11014
7630
12321
9386
5210
6603
4296
10342
11450
3520
3471
1712
11194
886
6496
11233
7632
2489
862
6874
10002
5639
11843
700
12226
5702
5086
9889
6238
5495
2268
10702
4079
8519
3598
10354
10465
1400
9157
6077
1477
5012
8590
4289
3112
10692
1155
1916
9045
10630
4769
4144
1317
6617
140
11553
4132
3098
4662
12222
6151
1550
4606
10644
7311
5110
11413
12108
8623
1331
3727
2470
4005
2285
6740
7411
2737
8844
5265
6241
2899
3633
7909
4447
9835
3572
10449
5682
9121
9044
8264
5528
9490
6098
4393
3249
7987
6894
996
127
3267
11929
9640
2109
4772
10952
9707
10557
188
10964
6181
2941
10887
2381
1574
8077
9488
4183
3086
10297
4234
10843
2710
8740
2513
9801
6534
1661
8809
5315
10809
8344
10134
5606
9360
7972
4402
6332
10206
3398
9038
6494
5651
8094
11189
7881
1774
6001
12174
11757
5441
3335
6595
3239
2367
805
1208
2807
4701
6891
8502
6449
10406
1314
9447
3190
239
7048
11806
4572
7696
11729
286
3476
322
5779
2299
7849
7309
11626
4555
1465
1384
7599
11048
2259
1454
7137
7124
4405
9218
6246
3187
4870
2654
9776
2378
6766
4965
4764
9289
10694
8947
6901
10386
11582
7339
5721
1743
968
11564
3189
6280
4565
8832
3604
10724
10764
8147
2862
2024
1496
3736
2704
7995
10857
5257
11203
6572
7378
8864
9931
1034
5030
1481
9342
8511
10608
6243
10215
311
7619
1033
8499
9631
12289
11947
3757
2400
5539
3309
1050
6594
5292
7634
5676
12147
2800
2230
7711
11588
6045
12206
10947
5732
7944
7256
2512
4129
7131
135
5023
10169
8758
10453
3830
5813
6876
8351
5261
20
3217
900
382
3773
899
12157
45
10444
5616
1162
11777
5690
6864
3296
2086
578
4244
10950
8288
8055
5444
1683
4682
149
11091
3721
10565
524
8999
3711
2162
4240
9313
4011
3231
9032
3714
5895
4866
10356
7625
4798
10959
7067
6124
10869
8038
2089
7258
10576
7951
406
6535
8733
11892
11581
9276
9497
878
4192
11920
8438
1195
3704
10
1883
9281
10159
8149
9919
11545
5662
8398
3482
455
8185
4039
5483
3294
7940
5621
7322
7298
292
2431
9822
8142
6918
3069
6277
4082
11685
8843
6394
10635
8334
9078
6316
10123
9905
7184
4061
8029
4556
2959
11017
7457
5631
4381
11294
6111
5848
3412
1987
11045
4257
8001
2708
5652
1639
8939
9752
363
11137
8592
7342
3950
10674
2287
11463
10718
8209
1199
1103
1994
354
2082
6260
10194
3901
5626
3413
9205
8282
3397
8379
1954
10676
6003
9107
3943
4613
11764
3614
4946
5624
11388
11298
10471
10833
1258
1949
4467
4110
4298
7140
7706
10375
1287
5775
10377
2722
1210
7359
3172
6844
9451
12345
10003
6085
8564
8783
9448
6728
10097
4297
11310
11876
11782
1164
8563
2969
3599
504
11747
6409
7921
10149
11460
3907
68
8400
1111
7908
10270
8087
2667
889
4430
1522
5473
7287
10779
11251
1824
2837
5572
4971
11403
8795
6846
9347
8254
9979
7379
970
9737
8699
8366
8650
617
8847
7134
851
7886
9311
9292
6669
3238
11651
8387
11614
6892
7788
11448
10582
9355
7189
10464
10279
3816
5929
1112
2352
11931
10274
7904
9153
8736
6266
10637
1609
10753
906
8023
9664
10988
203
1079
12125
2429
4117
2167
4663
1324
3411
1612
7527
5058
202
8976
4168
5513
10142
5264
8846
7340
820
3885
11226
10712
6120
5547
12077
12227
10054
2258
8679
8910
3935
8103
6868
12230
3833
8636
12187
8967
5108
5259
9083
5305
6125
2930
2169
10172
1151
8539
3169
12316
3005
9912
10085
6199
11474
9026
5569
11822
11132
642
11058
8275
4975
1990
7602
8505
6376
1523
11828
6689
1905
2968
1174
1952
1277
9265
5027
5401
2802
11070
10961
9569
11050
4176
4338
9757
8192
8325
4611
1319
8202
12190
86
7424
5510
11755
4853
9197
2763
1980
7671
11208
9206
9274
3490
9605
11794
3340
1383
7836
793
6256
9191
6609
7341
2195
1934
5646
9583
7704
9383
4820
7417
9532
2358
1872
2622
2092
12050
3557
633
6810
7099
7446
4732
5549
3903
6178
8548
9656
4657
7260
592
8838
1518
10146
2447
117
7524
11513
2637
6760
7654
5591
6107
6263
6780
2950
5258
3873
8071
7477
7767
12048
8067
6225
2761
2547
1811
797
8361
2847
5307
7159
5875
10341
6732
5871
9066
6421
11858
7243
9388
3902
8290
6153
10535
11939
1326
12319
9983
8178
12259
4302
629
9211
8641
7941
7591
6267
9120
2705
6519
7905
9141
8295
9663
9777
5251
2932
1008
6753
7356
1087
5166
6462
6032
11959
10678
7798
11608
11658
5835
5696
539
4214
3558
9797
58
5945
2696
477
2411
3933
1104
1970
4100
847
10227
12043
3770
994
4543
7843
7777
3810
1004
12219
8599
11134
7387
11522
2482
11486
2916
11423
1521
10232
790
7915
6457
285
11910
8276
6343
2403
7292
3345
10855
707
69
1704
12245
11897
7143
11483
5144
2318
11654
5984
12334
7672
3024
3639
8851
7531
1526
10063
5876
8078
11415
799
11838
7461
1968
3579
1332
1505
7138
12135
5974
1584
1021
11793
4750
6843
11464
10044
10234
4513
3466
1128
3650
1011
1843
11352
3748
6075
2597
1930
4141
10898
11347
9437
998
4558
9001
9336
12183
251
11741
5081
4940
2286
5617
6530
11011
8211
2893
281
10301
9896
11650
3763
4674
2307
7666
9802
9608
9644
11599
4509
2949
780
2064
4692
4527
19
4737
1533
11238
11120
5640
7830
4398
238
9087
8579
1280
2967
3591
7118
3583
6230
3281
6871
12118
2743
3928
1831
5393
273
6778
9558
267
6743
4959
4540
10696
3004
7755
3656
3442
10914
5334
9449
1702
3829
2047
2101
11660
12272
7757
7430
1937
4462
1629
5725
10666
6053
4549
3039
9238
3828
2844
352
9254
8930
8335
2617
12312
435
6813
7826
4369
1044
4253
5930
11261
10357
8106
3504
2782
4010
4797
9290
10042
9930
5866
6882
2466
10285
570
198
10165
8116
9384
387
8180
5061
3414
11008
7899
1942
7902
2659
9613
7923
7530
3307
1049
9696
1557
10315
3371
8951
11305
3964
9323
511
12239
4766
11943
2755
2371
9092
1878
11552
9518
3528
4997
5733
6070
5704
8791
8833
521
8604
8944
10910
8080
9628
5613
2235
6506
9736
5714
3941
11440
5852
7185
11698
8464
7150
10603
2375
1352
7255
6398
5772
4207
9269
2418
5415
2838
11454
11049
11095
4626
6921
4476
7588
2561
5480
4924
10625
7450
7639
10314
8626
394
1655
1602
10151
4678
12139
5160
575
1121
10562
8581
7286
10502
10621
6779
3609
7791
360
2534
3255
4930
8429
892
1983
4364
10448
362
9796
6337
9226
6061
6308
1213
10047
3696
9429
10865
7070
9566
11526
3251
1495
7763
3822
10370
7522
9713
7786
4403
4740
10259
2613
185
5711
8848
8934
7346
10956
704
5080
2818
5099
1659
1395
9104
8518
6094
3000
637
4222
981
12055
398
5418
4451
11602
5580
2720
993
1719
4887
11521
5947
3826
3601
11302
8856
8341
2935
11421
701
1552
8413
6081
6218
2209
9021
6510
6110
5550
5394
1031
87
1376
12276
5509
11509
3223
607
7651
4382
11715
5715
4378
9503
4899
1423
5903
12331
5917
5738
6339
3276
12062
3302
12149
3672
6306
3758
10631
6177
7970
3291
5017
874
7770
1800
11051
3983
5489
3311
6497
8603
6520
1592
8933
5151
9982
9939
3406
631
2031
9200
4093
10600
9187
7806
1041
11115
5694
3702
3783
5821
10828
8441
7546
9035
683
8547
8444
7745
1865
1051
2186
10268
8683
8007
10839
632
4751
11554
2341
3567
11455
2726
3668
2370
5628
10930
9415
4293
7024
4518
1744
4566
8402
11993
10070
5062
4463
5765
2462
11913
1662
9090
3679
6118
7682
8964
2794
6436
8738
2096
12162
9806
8223
9514
293
9556
10653
9758
7271
296
7540
6420
178
9753
12022
1974
8852
8049
7762
5842
1498
2374
7366
237
4306
10242
6491
6587
3013
66
3245
310
9562
10957
1243
3284
174
10858
4669
10331
5960
1528
7160
6205
7167
2859
5054
11615
8095
6568
4
7444
4660
7433
1046
2427
9109
11891
3651
10094
2868
9234
9411
4408
2962
714
2237
5105
11117
9993
105
3772
9418
4399
898
6938
2596
9178
7380
4138
4784
8153
7839
2432
8593
1449
2540
7848
2532
9306
812
1452
8866
10076
6208
5396
9677
4688
6097
7333
8020
4139
8701
307
4954
7115
10728
6771
11871
791
9483
8912
5851
9016
3882
1114
8882
5446
7860
8028
11077
10041
7857
10327
8748
4145
1340
2133
2261
3127
12225
10116
9474
4498
2875
10368
9966
9885
3094
10387
9998
1946
8190
788
11633
5841
5603
7775
10972
10114
1424
3827
10293
4908
604
2851
9229
3268
7544
1282
3747
12134
729
3734
10454
7278
2546
10518
4037
11493
10207
4705
586
6717
10835
12161
7344
6469
3755
1014
3244
5548
10757
5523
3104
12000
11716
5536
9105
8196
8051
6325
4480
3701
10931
3264
7541
11561
5542
9820
7624
1347
2774
3594
3840
10299
3939
7120
8637
915
7250
4433
2963
2905
4340
9563
615
6286
3597
7809
8207
3797
5674
6112
2970
4562
6498
7223
5854
1893
977
428
10605
9634
209
11644
2550
11885
2539
6710
12035
8739
3429
8465
11854
4109
988
365
11330
7714
3093
2903
10152
5522
974
5079
6538
3898
5679
1382
2739
5940
9992
5713
3278
1535
2964
2249
1617
9421
7299
11631
8442
10451
3707
6171
6618
4687
8815
9773
5571
10936
46
6978
3275
6368
10053
5271
459
6984
10906
10552
10405
5731
2058
8747
9405
5411
5001
10538
11377
2792
10941
8324
10389
7582
32
11719
4539
9034
11937
12095
8544
1993
12093
9706
1690
3722
4517
11043
6883
7677
10888
4840
1568
5566
11846
6317
10784
5462
3958
2742
9636
8187
5126
2891
4489
11060
2346
3171
12208
10203
8625
461
3253
132
2956
9375
4847
11900
5508
9357
1920
11236
990
422
2041
8197
11818
1631
10230
9850
9051
584
6428
7841
11430
7153
5300
2827
11966
8628
6758
6309
4639
9714
1638
6885
9478
3638
3058
4672
4964
4310
930
7468
571
1749
3586
1680
5920
2156
153
471
11661
7317
11848
3355
3646
8155
10862
3717
2884
434
2841
6086
2661
11625
11170
3546
390
268
7351
5150
11174
6729
9300
7988
7206
2998
12307
5213
1350
3786
1070
1620
6154
9899
7523
6723
8487
10836
4361
9867
10819
11188
9855
3129
4991
1018
10521
8327
1956
8287
3511
2193
1997
6180
7622
963
2693
4736
11958
4512
2609
6454
1728
713
7059
1802
1426
4272
9481
9763
2208
6827
5101
7215
12263
6865
7094
2740
2080
9047
9019
3741
2456
7129
8427
2333
2747
1007
11534
3942
12203
7039
6073
6386
3667
10421
3857
1316
7368
7852
5600
7123
2689
7058
835
8605
4733
1711
4314
1560
11078
12282
5311
11149
7170
10352
7136
3045
10607
2079
10427
1082
4171
5760
10282
932
5778
3799
1806
6588
2210
2250
6671
5430
4592
6866
4936
8801
7203
6955
9106
10096
11371
2176
9102
7466
2866
11173
1015
11604
2978
12094
9599
10719
8305
7991
3314
9739
2474
8817
6987
5045
2857
11242
318
865
5459
1583
1100
12287
4934
9171
5365
2236
2040
8686
5645
8567
11210
9278
4838
6009
11503
11948
11412
8803
10901
4271
9709
3362
6610
7817
6527
8829
8065
5801
4166
11643
7481
5790
11699
5505
4218
1543
34
2592
9818
4455
9271
6024
1264
8782
2350
858
8973
10213
8647
2183
672
1084
7493
5252
1300
5199
8118
10997
11775
7664
1691
9361
1596
12014
3798
9054
11093
7600
10794
8210
5282
1403
193
3931
747
10181
10547
5484
9725
3431
4858
8417
3026
9884
3871
7680
3272
8729
159
3886
4330
1224
8365
6474
11833
2758
5429
955
2933
6956
9961
5132
6084
1313
2220
12269
6052
8304
11559
10623
2618
9622
8214
3138
4410
4515
264
3785
8513
1356
8172
7999
8538
10991
7739
449
872
6663
3224
8166
3008
10545
10292
5478
257
10746
1105
10604
10796
7027
3691
2555
844
2332
5971
800
1882
2244
8213
11723
5269
12271
2598
4236
4174
6459
9972
5428
11323
7002
5321
2228
3090
6433
9543
11800
2846
1254
4124
10140
9438
2049
10619
10675
3889
2481
11491
9075
6344
8983
8483
7020
11577
1907
1724
4620
8358
6039
10283
11810
5827
2410
10080
8902
9167
9224
585
7452
2102
11629
282
21
11075
1643
582
737
10785
9245
3163
4617
5250
7907
2585
5420
4299
11718
11668
3789
8122
2922
3364
7023
8794
309
9213
1453
3375
5939
5654
9997
6967
6264
1981
11329
11435
7861
10187
9722
9685
9370
12169
572
8909
9113
1527
5280
965
9681
5060
6586
8872
11424
326
11759
1663
2115
5618
206
4856
9149
3624
1739
8217
5395
35
4962
6623
11426
6049
2639
588
8222
12160
9848
9258
3876
1140
4974
7702
5578
11451
3156
10606
4383
11803
6943
11797
3252
6212
2392
1143
8635
1640
75
527
11697
4158
7724
2153
6550
11585
7245
1288
548
11507
4126
4938
11185
1961
8677
5868
9655
3779
120
7708
9380
7888
6540
7560
7328
543
752
4267
12330
5720
10986
605
1764
10749
9304
4719
11062
4203
856
7051
12084
8532
828
8128
1992
1684
12092
1578
5457
1296
1889
10883
7569
12080
7592
3204
6895
519
3477
9729
10072
11416
10046
11300
1056
8054
7057
7637
6631
10428
7399
7319
8672
5976
8583
5952
6161
9789
3687
942
12003
5185
4571
2632
6188
9170
2463
5874
1604
5471
11291
8396
5577
1841
4953
7974
10968
3542
11485
1469
10235
4316
3256
8772
4800
1488
4722
10143
9328
9761
9085
8426
6288
1431
1837
4448
4300
4621
11555
2030
3855
819
10860
6390
5710
11074
1249
2700
4281
10726
10324
2979
8423
11883
1642
3057
6453
5817
2353
10171
9762
83
4641
11196
7073
1473
5966
12074
8920
624
10880
6290
10472
4478
6916
27
8268
3246
4718
8576
10965
6439
183
2602
6108
8640
3765
8145
6944
7897
8246
2125
11391
8278
9946
6419
1131
3459
7705
6058
2864
5036
7900
150
11607
7821
1360
2076
888
1092
2668
8506
3915
4185
5803
4417
4881
4355
4836
3641
7486
7690
1652
3576
3782
3778
3693
4816
8732
7746
11597
6328
3083
4720
11492
6354
9787
3509
3578
7890
9770
2766
10654
2362
3661
4967
4046
3644
316
2662
514
3844
6022
5022
5007
8418
3303
3227
2623
2044
10028
9838
9882
7193
436
2071
409
6185
2806
11527
1745
10544
3872
7978
4880
4493
2499
8157
2557
5398
5805
1467
7089
8307
8613
11449
243
8428
6768
82
7165
1870
1947
9824
4328
1555
5399
4033
6516
119
5844
10537
2098
11827
12310
7504
795
12267
4595
3548
8107
10480
7414
256
6998
4075
3481
10546
1757
9159
838
12337
875
7822
9957
12327
26
10743
3436
5747
8808
12024
10376
8022
5356
4036
9658
10485
9932
11878
4156
22
10105
12318
1862
7313
8509
8812
2701
7623
9657
7365
1460
11148
425
7172
748
7737
9803
5986
7004
6055
10559
9743
3144
4265
6920
9301
4468
1502
2809
7074
6612
460
6451
2670
11195
8349
2475
2721
9057
488
11466
3527
4679
716
8342
73
7574
2728
10539
2012
11942
2289
2234
10551
4545
11156
9387
9308
5284
4823
11665
564
11121
669
4759
6546
9845
4111
8320
5978
7512
6929
295
1204
12052
9250
12138
10436
2066
10568
6683
3731
10250
4642
10483
4521
7279
597
7964
6598
7585
6547
3422
8314
12081
4217
8834
6707
10773
9468
11495
880
6446
4208
10799
10335
815
1096
1259
5186
1478
1665
194
5066
4929
751
1733
2863
5244
3524
2788
8086
1483
6133
4796
8681
297
10878
2255
1187
9296
1828
9452
6468
11557
10093
2873
10939
7050
1338
11258
8000
10062
4354
4707
2820
7717
3536
10477
9548
9754
9621
3007
11887
5490
6142
11952
8251
11635
9915
2562
5242
9143
2976
4294
11142
10313
3325
11583
3452
2459
8945
12078
6006
1756
4998
10679
8697
2004
5609
4577
7384
2516
3464
11339
1834
4209
6545
2795
1030
2390
11950
3419
1234
5118
11103
7956
11152
2784
512
7336
1451
4428
9299
10247
1536
7029
9358
8469
8521
4278
3517
8586
8618
6521
9179
7709
7828
5463
5003
7855
12132
1894
9871
9428
5475
555
5537
4684
8377
552
6150
6823
2678
4913
7355
11037
9949
6881
8151
4028
2883
320
1059
10895
1057
2316
160
2493
1855
8759
6667
5014
10677
2690
2787
6155
6379
9580
3454
10381
10416
1463
5701
4018
2919
8018
7507
5697
8265
4049
11067
12302
972
4116
1435
6636
937
6804
7578
2443
3226
6887
10469
11680
2422
4932
2206
6370
1681
3091
1780
4471
9879
11088
10975
7992
10659
1558
6139
854
3869
3060
11397
9890
12067
6209
3809
5565
10248
167
9540
2022
3002
11228
1762
4653
12038
10742
696
9003
1245
4808
10322
9693
9800
9679
9597
646
4972
8673
2900
233
2861
10572
12112
11378
8348
9674
2329
9385
10022
3033
7176
8461
6937
8338
12017
2409
3348
5153
9037
8771
37
11574
6382
5902
5035
6695
5460
6562
12258
6365
12007
8756
2277
2192
5107
4889
6988
7683
1873
8632
4020
8030
1881
2599
2578
6131
9617
976
4318
2328
5726
5302
1718
3564
12188
10132
5043
8050
3817
2430
2535
1944
7648
5243
11587
4495
12
9560
5965
10243
6031
1738
11941
1540
4809
6227
4810
811
2753
12303
3453
2902
5170
3831
2349
10161
10993
9492
5335
7924
9223
2114
10049
1858
7931
7098
3035
2582
11003
3019
7104
4919
1901
2015
3106
10657
5349
9477
1366
11510
7587
3775
5983
3959
1672
2036
5119
9852
469
5113
4994
10221
8562
7532
249
8463
11272
8860
2880
4122
10087
2508
